124
87
111
117
80
110
81
102
103
99
102
106
86
77
90
106
93
85
105
79
86
118
104
102
110
86
102
94
90
85
74
79
73
110
129
90
84
89
106
107
96
111
84
101
60
127
86
88
96
105
99
93
76
90
104
97
107
104
122
112
121
117
75
100
105
111
111
87
86
122
123
89
110
108
98
100
121
89
113
79
89
112
114
88
86
113
95
124
116
94
102
92
81
111
112
128
103
119
81
104
102
114
104
99
87
97
116
89
115
100
88
122
106
121
99
67
90
80
104
114
130
83
88
117
109
103
113
118
95
119
92
109
111
79
93
102
99
92
100
94
114
102
82
89
101
113
106
100
117
67
108
85
77
127
104
134
91
123
95
102
121
134
102
92
113
105
101
108
92
94
94
81
101
98
128
67
90
109
103
104
109
88
86
116
105
102
72
75
119
97
104
84
100
78
112
112
121
132
92
112
84
74
87
126
110
120
96
110
112
112
107
88
109
100
130
97
117
120
96
89
105
86
90
85
121
74
98
128
108
98
78
106
103
109
95
124
92
84
76
118
111
94
107
90
106
93
111
126
142
123
95
103
94
105
92
89
89
112
87
118
91
84
132
99
97
75
99
